<?xml version="1.0" encoding="UTF-8" standalone="no" ?>
<SimscapeMultibodyImportXML version="2.0" xmlns="urn:mathworks:SimscapeMultibody:import" xmlns:xsi="http://www.w3.org/2001/XMLSchema-instance">
<Created by="deniz" on="08/22/22||22:32:48" using="Simscape Multibody Link Version 7.4" from="Autodesk Inventor 2021 (Build 250183000, 183)"/>
<ModelUnits mass="lbmass" length="millimeter"/>
<DataUnits mass="kilogram" length="centimeter"/>
<RootAssembly name="QRPfRA_robot_body_version_2.iam" uid="QRPfRA_robot_body_version_2.iam_{6B6D1B5F-4F94-1CE2-97ED-84BBE526F3EA}" version="{A9509326-FDCE-991C-4B18-40B9FEDD71BD}">
<AssemblyFile name="QRPfRA_robot_body_version_2.iam" type="Inventor Assembly"/>
<InstanceTree>
<Instance name="base_link:1" uid="base_link:1" entityUid="base_link.ipt_{4483F973-4779-32D7-F22D-31AA6F0D34F1}">
<Transform>
<Rotation>-0.99999638941862345 -1.1840763683944421e-16 0.0026872197002589045 1.1402057049177111e-05 -0.99999099814467274 0.0042430531005344186 0.0026871955102959763 0.0042430684204782373 0.99998738759579853</Rotation>
<Translation>-0.93196255099489211 4.7810979150006263 1.4532060703416558</Translation>
</Transform>
</Instance>
<Instance name="front_Left_Hind_Limb:1" uid="front_Left_Hind_Limb:1" entityUid="front_Left_Hind_Limb.ipt_{6A262506-46F8-3352-9D2F-9388F876599E}">
<Transform>
<Rotation>-0.99985607900993478 -1.1835421965394888e-16 0.016965295956143434 7.1984911515697673e-05 -0.99999099814467296 0.0042424577538702473 0.016965143237003648 0.0042430684204782382 0.99984707845016352</Rotation>
<Translation>-0.69099833295607949 4.9191813851571906 1.4153809889185001</Translation>
</Transform>
</Instance>
<Instance name="front_Left_MidLimb:1" uid="front_Left_MidLimb:1" entityUid="front_Left_MidLimb.ipt_{8924EA76-4B41-B446-72F8-308CA956E53E}">
<Transform>
<Rotation>-0.99985607900993401 0.00083237238491747014 0.016944864209912171 7.1984911515698133e-05 -0.99857853430979104 0.053300146659096506 0.01696514323700363 0.053293695423769487 0.99843475798022252</Rotation>
<Translation>-1.3431964208616971 4.1109276330511637 0.9176740434194125</Translation>
</Transform>
</Instance>
<Instance name="front_Left_Wrist:1" uid="front_Left_Wrist:1" entityUid="front_Left_Wrist.ipt_{EAF9FAC0-435C-6DB3-7094-77940ED57193}">
<Transform>
<Rotation>-0.99985607900993456 -0.0041626115722324429 0.01644669972299162 7.1984911515698635e-05 -0.97046414153235783 -0.24124540372416667 0.016965143237003641 -0.24120949953258972 0.97032477101751147</Rotation>
<Translation>-1.8425805455218376 6.2948979578724735 4.279835590446476</Translation>
</Transform>
</Instance>
<Instance name="rear_Left_Hind_Limb:1" uid="rear_Left_Hind_Limb:1" entityUid="rear_Left_Hind_Limb.ipt_{DD197CD8-4BA5-BC7F-4BF4-F6ABBDC7960A}">
<Transform>
<Rotation>-0.99999143536944746 -1.1999407567197801e-16 0.0041387422911137737 1.7560966716043331e-05 -0.99999099814467296 0.0042430320801648191 0.0041387050347544696 0.0042430684204782399 0.99998243359121819</Rotation>
<Translation>-1.2961306726839843 4.7794931893655752 1.1840190026594273</Translation>
</Transform>
</Instance>
<Instance name="rear_Left_MidLimb:1" uid="rear_Left_MidLimb:1" entityUid="rear_Left_MidLimb.ipt_{0A6A151D-4DBB-0E5D-FD09-39A0F99CFC4F}">
<Transform>
<Rotation>-0.99999143536944746 0.00041315627602885605 0.0041180686788629779 1.7560966716044903e-05 -0.99457233230227871 0.10404746758291222 0.0041387050347544696 0.10404664877205952 0.99456380690227142</Rotation>
<Translation>-2.0337716736204348 3.4449949404577254 2.6315799096619825</Translation>
</Transform>
</Instance>
<Instance name="rear_Left_Wrist:1" uid="rear_Left_Wrist:1" entityUid="rear_Left_Wrist.ipt_{FE35EEFF-49FF-4141-2BB9-2D8E380C75AA}">
<Transform>
<Rotation>-0.99999143536944746 0.00015452204166981317 0.004135856705797759 1.7560966716040902e-05 -0.99913537557354826 0.041575244666955266 0.0041387050347544679 0.04157496121998653 0.99912681563462813</Rotation>
<Translation>-2.3445288411864458 3.7460677353238596 1.6045013440287845</Translation>
</Transform>
</Instance>
<Instance name="front_Right_Hind_Limb:1" uid="front_Right_Hind_Limb:1" entityUid="front_Right_Hind_Limb.ipt_{57CD942A-408E-8A7A-3CD1-C8A40128F072}">
<Transform>
<Rotation>-1 -1.1834404546459221e-16 0 1.180377745435424e-16 -0.99999099814467263 0.0042430684204782373 0 0.0042430684204782373 0.99999099814467263</Rotation>
<Translation>-0.72728538513185725 5.1295109973496507 1.9706739340836252</Translation>
</Transform>
</Instance>
<Instance name="front_Right_MidLimb:1" uid="front_Right_MidLimb:1" entityUid="front_Right_MidLimb.ipt_{E72F9226-41CE-1424-AF88-6D8B63C94C78}">
<Transform>
<Rotation>-1 0 0 0 -0.99980910148306246 -0.019538694726907089 0 -0.019538694726907089 0.99980910148306246</Rotation>
<Translation>0.12968063354490247 5.5998833981945104 2.2303979436500416</Translation>
</Transform>
</Instance>
<Instance name="front_Right_Wrist:1" uid="front_Right_Wrist:1" entityUid="front_Right_Wrist.ipt_{66802C18-401B-4D42-0148-259A14B8A0CE}">
<Transform>
<Rotation>-1 0 0 1.076549538658164e-16 -0.99246668414845363 -0.1225148189215218 0 -0.1225148189215218 0.99246668414845363</Rotation>
<Translation>-0.0086922645569052267 6.5060585029733495 3.6262031000470047</Translation>
</Transform>
</Instance>
<Instance name="rear_Right_Hind_Limb:1" uid="rear_Right_Hind_Limb:1" entityUid="rear_Right_Hind_Limb.ipt_{8A47EE6C-46EC-4FD1-BD68-709FF4FCDBA5}">
<Transform>
<Rotation>-0.99993281741486906 -1.2012771672055344e-16 -0.011591404434439241 -4.9183122104636813e-05 -0.99999099814467274 0.0042427833601728646 -0.011591300090293471 0.0042430684204782364 0.99992381616431036</Rotation>
<Translation>-0.59479770967604451 4.8814014224306383 1.63389192282629</Translation>
</Transform>
</Instance>
<Instance name="rear_Right_MidLimb:1" uid="rear_Right_MidLimb:1" entityUid="rear_Right_MidLimb.ipt_{8421727C-43AC-9D3D-80AE-C49E4CFA74A4}">
<Transform>
<Rotation>-0.9999328174148685 0.00039161252963069662 -0.011584787282871198 -4.9183122104639964e-05 -0.99956347748441954 -0.029544069798746568 -0.01159130009029349 -0.029541515175754721 0.99949634348672645</Rotation>
<Translation>0.26919255120387514 5.8064353590239675 1.028981938066168</Translation>
</Transform>
</Instance>
<Instance name="rear_Right_Wrist:1" uid="rear_Right_Wrist:1" entityUid="rear_Right_Wrist.ipt_{A3EC3AD0-4B6E-311D-AF38-11BA95822FF6}">
<Transform>
<Rotation>-0.9999328174148685 -0.0005279551940601489 -0.011579374770504632 -4.9183122104628939e-05 -0.99875995187774758 0.049785099238423308 -0.011591300090293463 0.049782324056558622 0.99869282663576975</Rotation>
<Translation>0.21399479364784782 4.9893335961800833 2.4836695123960779</Translation>
</Transform>
</Instance>
</InstanceTree>
<Constraints>
</Constraints>
<Joints>
<Revolute name="Rotational:1">
<BaseFrame>
<InstancePath>
<Uid>front_Right_MidLimb:1</Uid>
</InstancePath>
<Transform>
<Rotation>0 0 1 0.020478271387235868 0.99979029821307563 0 -0.99979029821307563 0.020478271387235868 0</Rotation>
<Translation>8.0239505767822266 11.702743530273438 9.1232261657714844</Translation>
</Transform>
</BaseFrame>
<FollowerFrame>
<InstancePath>
<Uid>front_Right_Wrist:1</Uid>
</InstancePath>
<Transform>
<Rotation>0 0 1 0.029044592862260112 -0.99957811682002418 0 0.99957811682002418 0.029044592862260112 0</Rotation>
<Translation>7.8855776786804199 11.77013111114502 9.0068902969360352</Translation>
</Transform>
</FollowerFrame>
</Revolute>
<Revolute name="Rotational:2">
<BaseFrame>
<InstancePath>
<Uid>front_Right_Hind_Limb:1</Uid>
</InstancePath>
<Transform>
<Rotation>0 0 1 0 1 0 -1 0 0</Rotation>
<Translation>6.7286124229431152 18.077075958251953 17.635486602783203</Translation>
</Transform>
</BaseFrame>
<FollowerFrame>
<InstancePath>
<Uid>front_Right_MidLimb:1</Uid>
</InstancePath>
<Transform>
<Rotation>0 0 1 0.011123336371123737 -0.99993813378027296 0 0.99993813378027296 0.011123336371123737 0</Rotation>
<Translation>7.585578441619873 18.127935409545898 17.809902191162109</Translation>
</Transform>
</FollowerFrame>
</Revolute>
<Revolute name="Rotational:3">
<BaseFrame>
<InstancePath>
<Uid>base_link:1</Uid>
</InstancePath>
<Transform>
<Rotation>0.23931362433025111 -0.97094232022809657 0 0 0 1 -0.97094232022809657 -0.23931362433025111 0</Rotation>
<Translation>3.7659797668457031 15.693397521972656 19.0054931640625</Translation>
</Transform>
</BaseFrame>
<FollowerFrame>
<InstancePath>
<Uid>front_Right_Hind_Limb:1</Uid>
</InstancePath>
<Transform>
<Rotation>0 1 0 0 0 1 1 0 0</Rotation>
<Translation>3.9195713996887207 16.03961181640625 18.496603012084961</Translation>
</Transform>
</FollowerFrame>
</Revolute>
<Revolute name="Rotational:4">
<BaseFrame>
<InstancePath>
<Uid>front_Left_MidLimb:1</Uid>
</InstancePath>
<Transform>
<Rotation>0 0 -1 -0.19338128557766715 -0.98112368149399443 0 -0.98112368149399443 0.19338128557766715 0</Rotation>
<Translation>-7.8279123306274414 11.508644104003906 9.104461669921875</Translation>
</Transform>
</BaseFrame>
<FollowerFrame>
<InstancePath>
<Uid>front_Left_Wrist:1</Uid>
</InstancePath>
<Transform>
<Rotation>0 0 -1 -0.26412756042891872 0.96448775618038185 0 0.96448775618038185 0.26412756042891872 0</Rotation>
<Translation>-8.3844213485717773 11.269015312194824 9.3463783264160156</Translation>
</Transform>
</FollowerFrame>
</Revolute>
<Revolute name="Rotational:5">
<BaseFrame>
<InstancePath>
<Uid>front_Left_Hind_Limb:1</Uid>
</InstancePath>
<Transform>
<Rotation>0 0 -1 -0.12510216561962303 -0.99214386464730031 0 -0.99214386464730031 0.12510216561962303 0</Rotation>
<Translation>-6.5663976669311523 18.002802848815918 17.80986499786377</Translation>
</Transform>
</BaseFrame>
<FollowerFrame>
<InstancePath>
<Uid>front_Left_MidLimb:1</Uid>
</InstancePath>
<Transform>
<Rotation>0 0 -1 0.4226008834895964 0.90631589044538596 0 0.90631589044538596 -0.4226008834895964 0</Rotation>
<Translation>-7.2100000381469727 18.074893951416016 17.456199645996094</Translation>
</Transform>
</FollowerFrame>
</Revolute>
<Revolute name="Rotational:6">
<BaseFrame>
<InstancePath>
<Uid>base_link:1</Uid>
</InstancePath>
<Transform>
<Rotation>-0.59927680220565904 0.80054188793476599 0 0 0 1 0.80054188793476599 0.59927680220565904 0</Rotation>
<Translation>-4.1294126510620117 15.693397521972656 18.981985092163086</Translation>
</Transform>
</BaseFrame>
<FollowerFrame>
<InstancePath>
<Uid>front_Left_Hind_Limb:1</Uid>
</InstancePath>
<Transform>
<Rotation>0 1 0 0 0 1 1 0 0</Rotation>
<Translation>-3.6163979768753052 15.831640243530273 19.07215690612793</Translation>
</Transform>
</FollowerFrame>
</Revolute>
<Revolute name="Rotational:7">
<BaseFrame>
<InstancePath>
<Uid>rear_Left_MidLimb:1</Uid>
</InstancePath>
<Transform>
<Rotation>0 0 -1 -0.19338128557766712 -0.98112368149399432 0 -0.98112368149399432 0.19338128557766712 0</Rotation>
<Translation>-7.8279123306274414 -19.291355133056641 9.104461669921875</Translation>
</Transform>
</BaseFrame>
<FollowerFrame>
<InstancePath>
<Uid>rear_Left_Wrist:1</Uid>
</InstancePath>
<Transform>
<Rotation>0 0 -1 -0.20222675959231118 0.97933872470396777 0 0.97933872470396777 0.20222675959231118 0</Rotation>
<Translation>-8.1344213485717773 -19.479959487915039 8.8937587738037109</Translation>
</Transform>
</FollowerFrame>
</Revolute>
<Revolute name="Rotational:8">
<BaseFrame>
<InstancePath>
<Uid>rear_Left_Hind_Limb:1</Uid>
</InstancePath>
<Transform>
<Rotation>0 0 -1 -0.23715634098120733 -0.97147149723108472 0 -0.97147149723108472 0.23715634098120733 0</Rotation>
<Translation>-6.5663976669311523 -12.71104907989502 17.793972015380859</Translation>
</Transform>
</BaseFrame>
<FollowerFrame>
<InstancePath>
<Uid>rear_Left_MidLimb:1</Uid>
</InstancePath>
<Transform>
<Rotation>0 0 -1 0.63537694224121799 0.77220213757033851 0 0.77220213757033851 -0.63537694224121799 0</Rotation>
<Translation>-7.309999942779541 -12.348809242248535 17.676185607910156</Translation>
</Transform>
</FollowerFrame>
</Revolute>
<Revolute name="Rotational:9">
<BaseFrame>
<InstancePath>
<Uid>base_link:1</Uid>
</InstancePath>
<Transform>
<Rotation>-0.38208156344281119 0.92412860516115236 0 0 0 -1 -0.92412860516115236 -0.38208156344281119 0</Rotation>
<Translation>-3.5184211730957031 -10.269536018371582 18.893102645874023</Translation>
</Transform>
</BaseFrame>
<FollowerFrame>
<InstancePath>
<Uid>rear_Left_Hind_Limb:1</Uid>
</InstancePath>
<Transform>
<Rotation>0.096642198741980601 -0.9953191877093075 0 0 0 -1 0.9953191877093075 0.096642198741980601 0</Rotation>
<Translation>-3.8540444374084473 -10.269998550415039 19.168886184692383</Translation>
</Transform>
</FollowerFrame>
</Revolute>
<Revolute name="Rotational:10">
<BaseFrame>
<InstancePath>
<Uid>rear_Right_MidLimb:1</Uid>
</InstancePath>
<Transform>
<Rotation>0 0 1 0.79459950886067066 0.60713393952107531 0 -0.60713393952107531 0.79459950886067066 0</Rotation>
<Translation>8.0239505767822266 -19.356718063354492 8.8674774169921875</Translation>
</Transform>
</BaseFrame>
<FollowerFrame>
<InstancePath>
<Uid>rear_Right_Wrist:1</Uid>
</InstancePath>
<Transform>
<Rotation>0 0 1 -0.77211410322189544 -0.63548391923466352 0 0.63548391923466352 -0.77211410322189544 0</Rotation>
<Translation>7.9855780601501465 -19.48140811920166 8.9612493515014648</Translation>
</Transform>
</FollowerFrame>
</Revolute>
<Revolute name="Rotational:11">
<BaseFrame>
<InstancePath>
<Uid>rear_Right_Hind_Limb:1</Uid>
</InstancePath>
<Transform>
<Rotation>0 0 1 0.31917507999212991 0.94769576780315823 0 -0.94769576780315823 0.31917507999212991 0</Rotation>
<Translation>6.7286124229431152 -12.009984970092773 17.488729476928711</Translation>
</Transform>
</BaseFrame>
<FollowerFrame>
<InstancePath>
<Uid>rear_Right_MidLimb:1</Uid>
</InstancePath>
<Transform>
<Rotation>0 0 1 0.63541625640060162 -0.77216978774220701 0 0.77216978774220701 0.63541625640060162 0</Rotation>
<Translation>7.585578441619873 -11.687559127807617 17.714935302734375</Translation>
</Transform>
</FollowerFrame>
</Revolute>
<Revolute name="Rotational:12">
<BaseFrame>
<InstancePath>
<Uid>base_link:1</Uid>
</InstancePath>
<Transform>
<Rotation>0.59927680220565893 -0.80054188793476599 0 0 0 -1 0.80054188793476599 0.59927680220565893 0</Rotation>
<Translation>3.970123291015625 -10.269536018371582 18.991338729858398</Translation>
</Transform>
</BaseFrame>
<FollowerFrame>
<InstancePath>
<Uid>rear_Right_Hind_Limb:1</Uid>
</InstancePath>
<Transform>
<Rotation>0 -1 0 0 0 -1 1 0 0</Rotation>
<Translation>4.0377941131591797 -10.170000076293945 18.868900299072266</Translation>
</Transform>
</FollowerFrame>
</Revolute>
</Joints>
</RootAssembly>
<Assemblies>
</Assemblies>
<Parts>
<Part name="base_link.ipt" uid="base_link.ipt_{4483F973-4779-32D7-F22D-31AA6F0D34F1}" version="{4A4EB696-D4EA-ECCE-F2B5-9CE6DE90AA05}">
<PartFile name="base_link.ipt" type="Inventor Part"/>
<MassProperties>
<Mass>0.26734941649110938</Mass>
<CenterOfMass>0.069485775080842097 3.1167279973585469 17.523163118410679</CenterOfMass>
<Inertia>43.947069689260303 4.2669455957940956 46.199734334478116 -0.05106463058837471 0.0021804483953779936 -0.029632056297980675</Inertia>
</MassProperties>
<GeometryFile name="base_link_ipt_5a4249fb.STL" type="STL"/>
<VisualProperties>
<Ambient r="0.74901960784313726" g="0.74901960784313726" b="0.74901960784313726" a="1"/>
<Diffuse r="0.74901960784313726" g="0.74901960784313726" b="0.74901960784313726" a="1"/>
<Specular r="0" g="0" b="0" a="1"/>
<Emissive r="0" g="0" b="0" a="1"/>
<Shininess>0.14999999999999999</Shininess>
</VisualProperties>
</Part>
<Part name="front_Left_Hind_Limb.ipt" uid="front_Left_Hind_Limb.ipt_{6A262506-46F8-3352-9D2F-9388F876599E}" version="{7AF400B3-A08A-6F6E-F390-DBF9DF797CAA}">
<PartFile name="front_Left_Hind_Limb.ipt" type="Inventor Part"/>
<MassProperties>
<Mass>0.051348065755365192</Mass>
<CenterOfMass>-4.4138537238353237 18.248062249360519 17.141523721109518</CenterOfMass>
<Inertia>0.18492768892320235 0.15045252258436084 0.12495338627112869 -0.0020157923463266342 -0.0012184105612632265 -0.0091351428752441278</Inertia>
</MassProperties>
<GeometryFile name="front_Left_Hind_Limb_ipt_fb52cac5.STL" type="STL"/>
<VisualProperties>
<Ambient r="0.74901960784313726" g="0.74901960784313726" b="0.74901960784313726" a="1"/>
<Diffuse r="0.74901960784313726" g="0.74901960784313726" b="0.74901960784313726" a="1"/>
<Specular r="0" g="0" b="0" a="1"/>
<Emissive r="0" g="0" b="0" a="1"/>
<Shininess>0.14999999999999999</Shininess>
</VisualProperties>
</Part>
<Part name="front_Left_MidLimb.ipt" uid="front_Left_MidLimb.ipt_{8924EA76-4B41-B446-72F8-308CA956E53E}" version="{9AF9D6F3-C5D0-5EE4-0CDF-B41119B735EC}">
<PartFile name="front_Left_MidLimb.ipt" type="Inventor Part"/>
<MassProperties>
<Mass>0.082678087709802353</Mass>
<CenterOfMass>-9.4578897852332027 15.443368163552455 14.193277520720972</CenterOfMass>
<Inertia>0.85019646061551613 0.51988664969245657 0.50230426008567886 -0.37906106116479715 2.9448021714415517e-05 0.005618158634746578</Inertia>
</MassProperties>
<GeometryFile name="front_Left_MidLimb_ipt_1f8a8845.STL" type="STL"/>
<VisualProperties>
<Ambient r="0.74901960784313726" g="0.74901960784313726" b="0.74901960784313726" a="1"/>
<Diffuse r="0.74901960784313726" g="0.74901960784313726" b="0.74901960784313726" a="1"/>
<Specular r="0" g="0" b="0" a="1"/>
<Emissive r="0" g="0" b="0" a="1"/>
<Shininess>0.14999999999999999</Shininess>
</VisualProperties>
</Part>
<Part name="front_Left_Wrist.ipt" uid="front_Left_Wrist.ipt_{EAF9FAC0-435C-6DB3-7094-77940ED57193}" version="{F4B099F9-2B5F-FA7D-19D2-1A59EEDC27DB}">
<PartFile name="front_Left_Wrist.ipt" type="Inventor Part"/>
<MassProperties>
<Mass>0.060701994559826819</Mass>
<CenterOfMass>-10.29305732906621 13.906145962228381 5.6161179500598086</CenterOfMass>
<Inertia>1.2577781155272552 0.67007676837859076 0.70058154147396268 0.59239717522604318 0.0026930696222307233 -0.0088896557097759791</Inertia>
</MassProperties>
<GeometryFile name="front_Left_Wrist_ipt_1da57618.STL" type="STL"/>
<VisualProperties>
<Ambient r="0.74901960784313726" g="0.74901960784313726" b="0.74901960784313726" a="1"/>
<Diffuse r="0.74901960784313726" g="0.74901960784313726" b="0.74901960784313726" a="1"/>
<Specular r="0" g="0" b="0" a="1"/>
<Emissive r="0" g="0" b="0" a="1"/>
<Shininess>0.14999999999999999</Shininess>
</VisualProperties>
</Part>
<Part name="front_Right_Hind_Limb.ipt" uid="front_Right_Hind_Limb.ipt_{57CD942A-408E-8A7A-3CD1-C8A40128F072}" version="{D774F851-7FD5-4739-889A-51F839399C92}">
<PartFile name="front_Right_Hind_Limb.ipt" type="Inventor Part"/>
<MassProperties>
<Mass>0.055817509290351959</Mass>
<CenterOfMass>4.6382598857308874 18.16448506980397 17.148912188449167</CenterOfMass>
<Inertia>0.18397270920204029 0.16417003614646092 0.12871425953263316 -0.00069268434909099596 0.0021440307727025355 0.0031050079611977706</Inertia>
</MassProperties>
<GeometryFile name="front_Right_Hind_Limb_ipt_3c5b9ef4.STL" type="STL"/>
<VisualProperties>
<Ambient r="0.74901960784313726" g="0.74901960784313726" b="0.74901960784313726" a="1"/>
<Diffuse r="0.74901960784313726" g="0.74901960784313726" b="0.74901960784313726" a="1"/>
<Specular r="0" g="0" b="0" a="1"/>
<Emissive r="0" g="0" b="0" a="1"/>
<Shininess>0.14999999999999999</Shininess>
</VisualProperties>
</Part>
<Part name="front_Right_MidLimb.ipt" uid="front_Right_MidLimb.ipt_{E72F9226-41CE-1424-AF88-6D8B63C94C78}" version="{F8E0EA08-B48D-E1D7-91C0-956D76E91596}">
<PartFile name="front_Right_MidLimb.ipt" type="Inventor Part"/>
<MassProperties>
<Mass>0.082654980828989491</Mass>
<CenterOfMass>9.6823322658211612 15.840431190963539 14.203106247231688</CenterOfMass>
<Inertia>0.85114261509444622 0.52429155036369413 0.49623361134440347 -0.37830210332147546 -0.0045170474770056899 -0.00984809639904961</Inertia>
</MassProperties>
<GeometryFile name="front_Right_MidLimb_ipt_35639203.STL" type="STL"/>
<VisualProperties>
<Ambient r="0.74901960784313726" g="0.74901960784313726" b="0.74901960784313726" a="1"/>
<Diffuse r="0.74901960784313726" g="0.74901960784313726" b="0.74901960784313726" a="1"/>
<Specular r="0" g="0" b="0" a="1"/>
<Emissive r="0" g="0" b="0" a="1"/>
<Shininess>0.14999999999999999</Shininess>
</VisualProperties>
</Part>
<Part name="front_Right_Wrist.ipt" uid="front_Right_Wrist.ipt_{66802C18-401B-4D42-0148-259A14B8A0CE}" version="{7B9A5FF6-6CF2-6BC9-0374-CC9E54C2BD51}">
<PartFile name="front_Right_Wrist.ipt" type="Inventor Part"/>
<MassProperties>
<Mass>0.060514760953850194</Mass>
<CenterOfMass>10.014244255692617 14.199047305719999 5.7290063688493875</CenterOfMass>
<Inertia>1.2556462789796987 0.66546512144376535 0.70152860674709516 0.59127105436552396 -0.0063075922279431321 0.012219129266235541</Inertia>
</MassProperties>
<GeometryFile name="front_Right_Wrist_ipt_80fa9641.STL" type="STL"/>
<VisualProperties>
<Ambient r="0.74901960784313726" g="0.74901960784313726" b="0.74901960784313726" a="1"/>
<Diffuse r="0.74901960784313726" g="0.74901960784313726" b="0.74901960784313726" a="1"/>
<Specular r="0" g="0" b="0" a="1"/>
<Emissive r="0" g="0" b="0" a="1"/>
<Shininess>0.14999999999999999</Shininess>
</VisualProperties>
</Part>
<Part name="rear_Left_Hind_Limb.ipt" uid="rear_Left_Hind_Limb.ipt_{DD197CD8-4BA5-BC7F-4BF4-F6ABBDC7960A}" version="{9DD293DF-122D-2A19-86F6-68FF7F36A187}">
<PartFile name="rear_Left_Hind_Limb.ipt" type="Inventor Part"/>
<MassProperties>
<Mass>0.051348059994076739</Mass>
<CenterOfMass>-4.4138537882150306 -12.551936725063916 17.141523680466165</CenterOfMass>
<Inertia>0.18492766186554219 0.15045252260651432 0.12495335451027313 -0.0020157923876358837 -0.0012184106053059623 -0.0091351531568188878</Inertia>
</MassProperties>
<GeometryFile name="rear_Left_Hind_Limb_ipt_2ee1d553.STL" type="STL"/>
<VisualProperties>
<Ambient r="0.74901960784313726" g="0.74901960784313726" b="0.74901960784313726" a="1"/>
<Diffuse r="0.74901960784313726" g="0.74901960784313726" b="0.74901960784313726" a="1"/>
<Specular r="0" g="0" b="0" a="1"/>
<Emissive r="0" g="0" b="0" a="1"/>
<Shininess>0.14999999999999999</Shininess>
</VisualProperties>
</Part>
<Part name="rear_Left_MidLimb.ipt" uid="rear_Left_MidLimb.ipt_{0A6A151D-4DBB-0E5D-FD09-39A0F99CFC4F}" version="{970083FF-E5EB-8CD6-3EC3-FC4BFF75E59F}">
<PartFile name="rear_Left_MidLimb.ipt" type="Inventor Part"/>
<MassProperties>
<Mass>0.082678093043216092</Mass>
<CenterOfMass>-9.4578897802214943 -15.356630358196409 14.193277262314119</CenterOfMass>
<Inertia>0.850196622825657 0.51988672814647363 0.50230435970037435 -0.37906113597832153 2.9452693785060545e-05 0.0056181645652068259</Inertia>
</MassProperties>
<GeometryFile name="rear_Left_MidLimb_ipt_488e36e1.STL" type="STL"/>
<VisualProperties>
<Ambient r="0.74901960784313726" g="0.74901960784313726" b="0.74901960784313726" a="1"/>
<Diffuse r="0.74901960784313726" g="0.74901960784313726" b="0.74901960784313726" a="1"/>
<Specular r="0" g="0" b="0" a="1"/>
<Emissive r="0" g="0" b="0" a="1"/>
<Shininess>0.14999999999999999</Shininess>
</VisualProperties>
</Part>
<Part name="rear_Left_Wrist.ipt" uid="rear_Left_Wrist.ipt_{FE35EEFF-49FF-4141-2BB9-2D8E380C75AA}" version="{F45C1697-2932-0A41-387B-CD98D4440CD8}">
<PartFile name="rear_Left_Wrist.ipt" type="Inventor Part"/>
<MassProperties>
<Mass>0.060702002081163282</Mass>
<CenterOfMass>-10.293057293270943 -16.893853501476986 5.6161181226137824</CenterOfMass>
<Inertia>1.2577781597218236 0.67007678381341429 0.70058158461039421 0.59239719351233633 0.0026930687892040622 -0.0088896531351692828</Inertia>
</MassProperties>
<GeometryFile name="rear_Left_Wrist_ipt_a05f3b5e.STL" type="STL"/>
<VisualProperties>
<Ambient r="0.74901960784313726" g="0.74901960784313726" b="0.74901960784313726" a="1"/>
<Diffuse r="0.74901960784313726" g="0.74901960784313726" b="0.74901960784313726" a="1"/>
<Specular r="0" g="0" b="0" a="1"/>
<Emissive r="0" g="0" b="0" a="1"/>
<Shininess>0.14999999999999999</Shininess>
</VisualProperties>
</Part>
<Part name="rear_Right_Hind_Limb.ipt" uid="rear_Right_Hind_Limb.ipt_{8A47EE6C-46EC-4FD1-BD68-709FF4FCDBA5}" version="{7A46A3DF-083C-EAC6-E5F9-DAB4E6F22808}">
<PartFile name="rear_Right_Hind_Limb.ipt" type="Inventor Part"/>
<MassProperties>
<Mass>0.055817513971947098</Mass>
<CenterOfMass>4.6382597784729587 -12.335515085190901 17.148912235209643</CenterOfMass>
<Inertia>0.18397272174120735 0.16417003408839809 0.12871427605482313 -0.00069268408032439768 0.0021440316943744618 0.0031049941327305534</Inertia>
</MassProperties>
<GeometryFile name="rear_Right_Hind_Limb_ipt_6896e4eb.STL" type="STL"/>
<VisualProperties>
<Ambient r="0.74901960784313726" g="0.74901960784313726" b="0.74901960784313726" a="1"/>
<Diffuse r="0.74901960784313726" g="0.74901960784313726" b="0.74901960784313726" a="1"/>
<Specular r="0" g="0" b="0" a="1"/>
<Emissive r="0" g="0" b="0" a="1"/>
<Shininess>0.14999999999999999</Shininess>
</VisualProperties>
</Part>
<Part name="rear_Right_MidLimb.ipt" uid="rear_Right_MidLimb.ipt_{8421727C-43AC-9D3D-80AE-C49E4CFA74A4}" version="{6D8696FA-D017-6981-7FE7-E9EE0063E921}">
<PartFile name="rear_Right_MidLimb.ipt" type="Inventor Part"/>
<MassProperties>
<Mass>0.082654980828989491</Mass>
<CenterOfMass>9.6823322658211612 -14.659570716385094 14.203106247231688</CenterOfMass>
<Inertia>0.85114261509444622 0.52429155036369413 0.49623361134440713 -0.37830210332147907 -0.0045170474770056899 -0.0098480963990514279</Inertia>
</MassProperties>
<GeometryFile name="rear_Right_MidLimb_ipt_ae341e2a.STL" type="STL"/>
<VisualProperties>
<Ambient r="0.74901960784313726" g="0.74901960784313726" b="0.74901960784313726" a="1"/>
<Diffuse r="0.74901960784313726" g="0.74901960784313726" b="0.74901960784313726" a="1"/>
<Specular r="0" g="0" b="0" a="1"/>
<Emissive r="0" g="0" b="0" a="1"/>
<Shininess>0.14999999999999999</Shininess>
</VisualProperties>
</Part>
<Part name="rear_Right_Wrist.ipt" uid="rear_Right_Wrist.ipt_{A3EC3AD0-4B6E-311D-AF38-11BA95822FF6}" version="{06F57680-4AC5-CE4E-3D6E-9B8A01E4B84C}">
<PartFile name="rear_Right_Wrist.ipt" type="Inventor Part"/>
<MassProperties>
<Mass>0.060514759927830522</Mass>
<CenterOfMass>10.01424422655797 -16.300953737406672 5.7290063150518549</CenterOfMass>
<Inertia>1.2556463078679736 0.66546510046853202 0.70152865192815805 0.59127106722806 -0.0063075886661013098 0.012219122207943656</Inertia>
</MassProperties>
<GeometryFile name="rear_Right_Wrist_ipt_15f170f5.STL" type="STL"/>
<VisualProperties>
<Ambient r="0.74901960784313726" g="0.74901960784313726" b="0.74901960784313726" a="1"/>
<Diffuse r="0.74901960784313726" g="0.74901960784313726" b="0.74901960784313726" a="1"/>
<Specular r="0" g="0" b="0" a="1"/>
<Emissive r="0" g="0" b="0" a="1"/>
<Shininess>0.14999999999999999</Shininess>
</VisualProperties>
</Part>
</Parts>
</SimscapeMultibodyImportXML>
